Panel A. (3 waveforms)
% p90305Ac, condition 21 (16 kHz, 80 dB)
% reps 5,6,7 (3 out of 20)

Panel B (across-rep correlations of the waveforms shown in A)

......    0.4303    0.4223
......    ......    0.5573
......    ......    ......
    
Panel C (histogram of *all* 190 across-rep correlations)
mean= 0.3167
std= 0.2933
Individual values (sorted):

   -0.7125
   -0.5862
   -0.4541
   -0.3994
   -0.3274
   -0.3190
   -0.3126
   -0.2954
   -0.2856
   -0.2403
   -0.1870
   -0.1860
   -0.1797
   -0.1650
   -0.1642
   -0.1607
   -0.1590
   -0.1556
   -0.1428
   -0.1045
   -0.0660
   -0.0612
   -0.0596
   -0.0519
   -0.0308
   -0.0064
   -0.0051
    0.0048
    0.0159
    0.0284
    0.0357
    0.0550
    0.0614
    0.0745
    0.0747
    0.0751
    0.0867
    0.0884
    0.0947
    0.1000
    0.1115
    0.1160
    0.1168
    0.1200
    0.1291
    0.1300
    0.1373
    0.1427
    0.1479
    0.1542
    0.1787
    0.1816
    0.1816
    0.1870
    0.1892
    0.1905
    0.2004
    0.2051
    0.2132
    0.2158
    0.2178
    0.2264
    0.2350
    0.2372
    0.2399
    0.2438
    0.2496
    0.2521
    0.2557
    0.2587
    0.2589
    0.2657
    0.2871
    0.2934
    0.2954
    0.2966
    0.3014
    0.3028
    0.3057
    0.3139
    0.3148
    0.3206
    0.3233
    0.3271
    0.3272
    0.3275
    0.3293
    0.3297
    0.3342
    0.3466
    0.3468
    0.3522
    0.3543
    0.3554
    0.3627
    0.3641
    0.3723
    0.3725
    0.3733
    0.3784
    0.3907
    0.3933
    0.4000
    0.4050
    0.4057
    0.4076
    0.4158
    0.4174
    0.4190
    0.4201
    0.4223
    0.4264
    0.4277
    0.4283
    0.4302
    0.4303
    0.4377
    0.4415
    0.4473
    0.4473
    0.4490
    0.4518
    0.4528
    0.4569
    0.4602
    0.4606
    0.4676
    0.4701
    0.4746
    0.4755
    0.4764
    0.4772
    0.4830
    0.4834
    0.4884
    0.4885
    0.4933
    0.4954
    0.4974
    0.5001
    0.5022
    0.5030
    0.5054
    0.5071
    0.5150
    0.5150
    0.5168
    0.5183
    0.5287
    0.5355
    0.5492
    0.5493
    0.5496
    0.5528
    0.5573
    0.5582
    0.5592
    0.5676
    0.5764
    0.5908
    0.5915
    0.5984
    0.5992
    0.6060
    0.6119
    0.6141
    0.6181
    0.6186
    0.6211
    0.6219
    0.6234
    0.6235
    0.6506
    0.6714
    0.6729
    0.6866
    0.7055
    0.7263
    0.7315
    0.7487
    0.7565
    0.7673
    0.7705
    0.7875
    0.7953
    0.8018
    0.8152
    0.8405
    0.8716
    0.8788    


Panel D (3 waveform pairs)
% p90305Ac and p90305Bc, condition 21 (16 kHz, 80 dB)
% reps 2,3,4 (3 out of 20)

Panel E (across-rep correlations of waveforms shown in D)
    ......    0.4758    0.6144
    0.0472    ......    0.4410
    0.2419    0.4601    ......

Panel F (histogram of all the 90 nonsimultaneous crosscorrelations)

mean:   0.3128
std:    0.2632
Individual values (sorted)
   -0.4061
   -0.3451
   -0.2994
   -0.2879
   -0.2556
   -0.2483
   -0.2292
   -0.2269
   -0.1957
   -0.1881
   -0.1866
   -0.1629
   -0.1615
   -0.1397
   -0.1363
   -0.1298
   -0.1238
   -0.1172
   -0.1074
   -0.1068
   -0.0954
   -0.0833
   -0.0595
   -0.0451
   -0.0412
   -0.0389
   -0.0295
   -0.0236
   -0.0164
   -0.0116
   -0.0062
    0.0296
    0.0333
    0.0548
    0.0650
    0.0970
    0.1200
    0.1409
    0.1417
    0.1441
    0.1493
    0.1505
    0.1514
    0.1604
    0.1648
    0.1737
    0.1811
    0.1814
    0.1871
    0.1932
    0.2091
    0.2125
    0.2159
    0.2216
    0.2232
    0.2240
    0.2247
    0.2310
    0.2374
    0.2395
    0.2419
    0.2468
    0.2540
    0.2567
    0.2612
    0.2638
    0.2679
    0.2686
    0.2723
    0.2837
    0.2882
    0.2952
    0.2953
    0.3002
    0.3095
    0.3109
    0.3159
    0.3161
    0.3180
    0.3203
    0.3249
    0.3256
    0.3281
    0.3312
    0.3394
    0.3491
    0.3527
    0.3568
    0.3632
    0.3652
    0.3662
    0.3675
    0.3731
    0.3741
    0.3752
    0.3810
    0.3840
    0.3843
    0.3905
    0.3937
    0.4058
    0.4110
    0.4143
    0.4152
    0.4160
    0.4217
    0.4265
    0.4277
    0.4360
    0.4399
    0.4410
    0.4418
    0.4423
    0.4436
    0.4436
    0.4454
    0.4464
    0.4475
    0.4485
    0.4493
    0.4583
    0.4595
    0.4601
    0.4621
    0.4653
    0.4703
    0.4724
    0.4730
    0.4737
    0.4758
    0.4762
    0.4780
    0.4804
    0.4883
    0.4908
    0.4978
    0.4983
    0.5000
    0.5038
    0.5109
    0.5128
    0.5145
    0.5271
    0.5297
    0.5311
    0.5343
    0.5358
    0.5362
    0.5382
    0.5460
    0.5685
    0.5697
    0.5711
    0.5856
    0.5896
    0.5943
    0.5950
    0.5983
    0.5991
    0.6002
    0.6011
    0.6111
    0.6144
    0.6164
    0.6207
    0.6208
    0.6239
    0.6302
    0.6410
    0.6428
    0.6535
    0.6551
    0.6626
    0.6684
    0.6907
    0.6914
    0.7060
    0.7221
    0.7293
    0.7486
    0.8678

Panel G (danger of including the diagonal)
overall correlation btw p90206A and p90206B
I took this one because the discrepancy is clear, but mild.



Individual values (for the histogram)
diagonal: (mean= 0.6076; std = 0.0247)
    0.5878
    0.6633
    0.6145
    0.5875
    0.6217
    0.6006
    0.6060
    0.6056
    0.5814
nondiagonal (mean= 0.4980; std = 0.0376)
    0.4947
    0.4944
    0.4868
    0.4272
    0.4716
    0.4714
    0.4588
    0.4611
    0.5359
    0.5670
    0.5270
    0.4640
    0.5337
    0.5579
    0.5110
    0.5356
    0.5163
    0.5495
    0.5081
    0.4363
    0.5095
    0.5187
    0.5172
    0.5062
    0.5176
    0.5168
    0.5244
    0.4155
    0.4891
    0.4867
    0.4605
    0.4883
    0.4666
    0.4687
    0.4957
    0.4388
    0.4507
    0.4803
    0.4452
    0.4495
    0.4796
    0.5377
    0.5076
    0.4768
    0.4379
    0.5039
    0.4773
    0.4863
    0.4952
    0.5184
    0.5349
    0.4857
    0.4353
    0.5072
    0.4876
    0.5041
    0.5331
    0.5708
    0.5630
    0.5193
    0.4655
    0.5254
    0.5679
    0.5527
    0.5004
    0.5407
    0.5284
    0.4745
    0.4183
    0.5312
    0.5267
    0.5078





















